0 0.611914 0.132065 0.0621948 0.264131 0.871103
0 0.489626 0.13292 0.0533424 0.265825 0.864025
0 0.577138 0.465506 0.0750021 0.277246 0.855734
0 0.864647 0.130665 0.0621788 0.261331 0.855033
0 0.547678 0.132104 0.0578134 0.264209 0.85285
0 0.283679 0.768706 0.0635777 0.261651 0.849179
0 0.351259 0.777269 0.0688513 0.26509 0.848036
0 0.76537 0.475682 0.0607858 0.293182 0.845613
0 0.285272 0.459906 0.05981 0.267424 0.845288
0 0.665475 0.809809 0.0606668 0.276586 0.845038
0 0.156385 0.144563 0.0626441 0.260586 0.844435
0 0.701457 0.47494 0.0622 0.289937 0.841085
0 0.225921 0.140365 0.0731216 0.261234 0.840783
0 0.160263 0.754847 0.0640249 0.253299 0.838516
0 0.499219 0.465127 0.0745388 0.278485 0.838463
0 0.795765 0.821717 0.0628631 0.282994 0.837846
0 0.367877 0.147564 0.0544586 0.240128 0.837808
0 0.22166 0.455928 0.0621924 0.260312 0.837223
0 0.423611 0.463622 0.0713542 0.278406 0.837048
0 0.158334 0.452295 0.0614862 0.252848 0.836797
0 0.602225 0.803746 0.0602877 0.271977 0.835982
0 0.730154 0.820297 0.0629949 0.284482 0.83465
0 0.35098 0.462877 0.0679088 0.274596 0.834383
0 0.307544 0.15244 0.0596197 0.235082 0.833449
0 0.0963918 0.148808 0.0515751 0.251236 0.832358
0 0.0984408 0.451669 0.0517697 0.248704 0.830441
0 0.428737 0.134544 0.0624535 0.266191 0.829906
0 0.677436 0.131733 0.064896 0.263465 0.829148
0 0.0384007 0.151251 0.0606047 0.250707 0.828417
0 0.42538 0.778685 0.0747724 0.273871 0.827414
0 0.222031 0.760454 0.055233 0.25215 0.826985
0 0.859058 0.808911 0.0583164 0.273059 0.825193
0 0.642391 0.470423 0.0505755 0.265955 0.824097
0 0.0979203 0.749374 0.0545461 0.245882 0.82373
0 0.934345 0.13175 0.0684357 0.259494 0.815783
0 0.832602 0.480059 0.0661861 0.301286 0.814344
0 0.544935 0.778226 0.0498989 0.261296 0.811698
0 0.799878 0.131103 0.0582642 0.262205 0.8057
0 0.899195 0.483037 0.0627506 0.304884 0.799298
0 0.495224 0.767823 0.0453752 0.254691 0.798503
0 0.0452571 0.445297 0.0498273 0.230169 0.793525
0 0.0447929 0.738169 0.0480979 0.239013 0.788339
0 0.917004 0.83904 0.051215 0.293789 0.741027
0 0.740815 0.138131 0.0538023 0.251872 0.726496
0 0.00985091 0.732463 0.0195815 0.240672 0.6679
0 0.009491 0.443321 0.0187831 0.227543 0.494561
0 0.972426 0.857573 0.0516648 0.283862 0.448483
0 0.986699 0.331046 0.0265022 0.17125 0.342977
0 0.981882 0.54143 0.0354901 0.185051 0.33492
