0 0.861255 0.880849 0.0443764 0.123668 0.860646
0 0.969589 0.533508 0.0505054 0.112438 0.857666
0 0.956453 0.708961 0.0521175 0.131278 0.857242
0 0.867174 0.529765 0.0433397 0.103903 0.854425
0 0.96199 0.917063 0.0509481 0.141806 0.849374
0 0.917732 0.531024 0.0479752 0.110029 0.846152
0 0.789193 0.224304 0.0336876 0.101653 0.843662
0 0.914945 0.35694 0.0409723 0.0960073 0.843583
0 0.961591 0.351791 0.0480076 0.100719 0.841545
0 0.800359 0.370058 0.0361415 0.0867002 0.840792
0 0.765351 0.374788 0.0302505 0.0818366 0.84018
0 0.861757 0.697044 0.0420231 0.109388 0.839101
0 0.650168 0.387128 0.0227427 0.0706551 0.838152
0 0.675102 0.384371 0.0240856 0.072782 0.837282
0 0.912317 0.196865 0.0457781 0.105915 0.834228
0 0.963291 0.184784 0.0511005 0.112709 0.833719
0 0.74813 0.836538 0.0350517 0.114581 0.833132
0 0.625063 0.390406 0.0235892 0.0683303 0.831783
0 0.787545 0.524447 0.0322614 0.102266 0.831574
0 0.785388 0.850548 0.0339714 0.116016 0.830318
0 0.753421 0.522751 0.0314005 0.0996632 0.828917
0 0.701871 0.381312 0.0263563 0.0745701 0.828733
0 0.824628 0.527296 0.0380829 0.101248 0.828405
0 0.754288 0.674058 0.0338772 0.0961338 0.825653
0 0.907744 0.70285 0.0424164 0.125809 0.824524
0 0.820611 0.863424 0.0331053 0.118543 0.824357
0 0.862428 0.211402 0.0436199 0.09626 0.822447
0 0.873433 0.36079 0.0380928 0.0914153 0.821732
0 0.632942 0.516492 0.025444 0.0891988 0.821532
0 0.83691 0.365945 0.0315159 0.0886467 0.821232
0 0.787533 0.680686 0.0287128 0.10008 0.820161
0 0.732686 0.377823 0.0315235 0.0778725 0.818119
0 0.689278 0.519092 0.0297963 0.0946671 0.817404
0 0.607578 0.515415 0.023426 0.0866778 0.815502
0 0.536613 0.560378 0.0321208 0.0997186 0.814731
0 0.821296 0.687872 0.0352955 0.102409 0.814711
0 0.726245 0.239111 0.0336716 0.0940212 0.813762
0 0.721519 0.520785 0.0289061 0.0961501 0.813478
0 0.659522 0.517628 0.0257082 0.0918514 0.811942
0 0.711298 0.821489 0.0326828 0.105394 0.81176
0 0.634887 0.648123 0.0227728 0.0826861 0.811372
0 0.91236 0.903795 0.044504 0.132099 0.811098
0 0.503904 0.556346 0.0290827 0.0957594 0.808588
0 0.757863 0.233439 0.0254716 0.0947502 0.808374
0 0.718131 0.66611 0.0319101 0.0927981 0.805673
0 0.66097 0.653593 0.0259907 0.0880492 0.805041
0 0.694624 0.250032 0.0263575 0.0898809 0.800958
0 0.52886 0.413487 0.0381733 0.10006 0.800448
0 0.407819 0.424333 0.0228994 0.0804314 0.798895
0 0.474992 0.553254 0.0253178 0.0904964 0.798527
0 0.687951 0.658918 0.0247839 0.0918685 0.796849
0 0.666462 0.2554 0.0265299 0.0879635 0.795152
0 0.600458 0.391984 0.0221563 0.0683137 0.787534
0 0.625359 0.934122 0.0252779 0.093742 0.786745
0 0.674545 0.076524 0.0315636 0.110437 0.786511
0 0.478878 0.41979 0.0285357 0.0881841 0.785598
0 0.823702 0.220416 0.0310455 0.0917159 0.781717
0 0.572056 0.563332 0.0347704 0.104412 0.780839
0 0.654053 0.799911 0.0237284 0.0975254 0.779742
0 0.680453 0.811184 0.0262763 0.102416 0.777038
0 0.654562 0.948436 0.031097 0.0988377 0.776752
0 0.482516 0.292953 0.0278509 0.101184 0.775278
0 0.630018 0.789009 0.0215956 0.0976825 0.769576
0 0.567888 0.410792 0.0362135 0.104051 0.768515
0 0.431945 0.42167 0.0216546 0.0845592 0.767906
0 0.513698 0.288933 0.0278852 0.0974567 0.766707
0 0.610899 0.64554 0.0219477 0.0778676 0.766524
0 0.453267 0.42032 0.0196438 0.0854227 0.766117
0 0.782981 0.0514091 0.0330082 0.0820901 0.756219
0 0.455557 0.303183 0.0231007 0.0924103 0.754764
0 0.639904 0.262443 0.024329 0.0832259 0.754443
0 0.433156 0.553082 0.0230978 0.0764048 0.753418
0 0.431704 0.310186 0.0210903 0.0868038 0.746248
0 0.605562 0.78275 0.0247391 0.0871461 0.744889
0 0.409825 0.549426 0.0198595 0.0716135 0.740388
0 0.816436 0.0412222 0.0313454 0.0814217 0.738955
0 0.72279 0.0798053 0.036678 0.0780603 0.736093
0 0.383942 0.323047 0.0189622 0.0820098 0.73162
0 0.543711 0.278752 0.0282072 0.105591 0.731601
0 0.490042 0.168159 0.0279499 0.0902048 0.728152
0 0.599437 0.920258 0.0243954 0.0931802 0.724704
0 0.569988 0.733105 0.0362036 0.0922832 0.716949
0 0.408931 0.314266 0.0201632 0.085831 0.700226
0 0.4608 0.689146 0.0172583 0.0811959 0.699084
0 0.453091 0.555273 0.0146593 0.0785948 0.690352
0 0.364512 0.327332 0.01797 0.0814493 0.678249
0 0.443665 0.681628 0.0152753 0.0722049 0.66653
0 0.711624 0.969076 0.0288853 0.0618481 0.662819
0 0.519438 0.159248 0.0267244 0.0813083 0.653887
0 0.619419 0.09981 0.0205694 0.0996309 0.652774
0 0.638983 0.0912511 0.0170456 0.106109 0.650391
0 0.614753 0.269819 0.0226917 0.0838137 0.648842
0 0.427434 0.675856 0.0146494 0.0719766 0.635554
0 0.850512 0.0332053 0.0345713 0.065675 0.629995
0 0.684044 0.965772 0.0229778 0.0684561 0.629019
0 0.540461 0.701194 0.019891 0.089162 0.628272
0 0.31982 0.435166 0.0140265 0.0599966 0.621821
0 0.391336 0.115713 0.0207091 0.0721916 0.612587
0 0.460948 0.0911288 0.0186901 0.0542019 0.610121
0 0.347121 0.336424 0.0150578 0.0690934 0.608992
0 0.441823 0.200307 0.018361 0.0658321 0.603903
0 0.370339 0.129186 0.0188848 0.0721659 0.602127
0 0.485981 0.69698 0.0288486 0.0865965 0.596908
0 0.403561 0.216397 0.0152192 0.061912 0.588095
0 0.388972 0.545067 0.0183816 0.0752219 0.585185
0 0.305627 0.436788 0.0125431 0.0574177 0.581042
0 0.42159 0.207609 0.0194684 0.064114 0.574454
0 0.389608 0.661905 0.0144367 0.0713079 0.573989
0 0.370756 0.234674 0.015219 0.0628492 0.567544
0 0.350643 0.141943 0.0179097 0.0727925 0.554608
0 0.386915 0.225634 0.0150932 0.0588553 0.542264
0 0.486718 0.0811613 0.0267143 0.0430792 0.541854
0 0.331555 0.340977 0.0140237 0.0662341 0.541842
0 0.352677 0.435334 0.0159559 0.0605756 0.53098
0 0.355185 0.240626 0.0125039 0.0611157 0.528931
0 0.445604 0.828066 0.0248301 0.0865992 0.521341
0 0.409471 0.671187 0.0180353 0.0712737 0.521215
0 0.470643 0.839768 0.0229301 0.094604 0.518669
0 0.333757 0.642803 0.0146279 0.0612839 0.510308
0 0.334289 0.53928 0.0144451 0.0706224 0.504426
0 0.314192 0.345749 0.0144054 0.0631853 0.495368
0 0.292316 0.438052 0.0123933 0.0574017 0.49108
0 0.443303 0.0943414 0.0145108 0.0552405 0.485811
0 0.332985 0.152154 0.0152358 0.0729659 0.482788
0 0.518823 0.698832 0.0196489 0.0793131 0.481375
0 0.33519 0.435846 0.0150023 0.0597126 0.453768
0 0.460386 0.191403 0.0187912 0.0652476 0.446766
0 0.332735 0.770082 0.0159926 0.0409143 0.446058
0 0.65525 0.0843292 0.0137215 0.109127 0.441381
0 0.376843 0.658613 0.0112817 0.0685881 0.436554
0 0.350087 0.780521 0.0143352 0.0477446 0.417024
0 0.568708 0.145733 0.0263309 0.0675499 0.415804
0 0.589877 0.27381 0.020063 0.0869214 0.41433
0 0.42109 0.823691 0.0194586 0.0573431 0.40988
0 0.424237 0.107369 0.0194719 0.0627012 0.391526
0 0.408496 0.109086 0.0112268 0.063167 0.390494
0 0.365855 0.541933 0.014707 0.074387 0.389601
0 0.31783 0.163924 0.0120665 0.0657652 0.380699
0 0.743268 0.973631 0.0313874 0.0527384 0.379689
0 0.365041 0.785421 0.014136 0.0521285 0.366541
0 0.284705 0.180614 0.0121635 0.0704941 0.365091
0 0.402852 0.813114 0.0146255 0.053156 0.364452
0 0.349364 0.541995 0.0145444 0.0703124 0.364232
0 0.382163 0.748063 0.0188434 0.0467466 0.363564
0 0.271255 0.187096 0.0130413 0.0700792 0.363049
0 0.347902 0.646848 0.0120411 0.0631857 0.362203
0 0.531189 0.820198 0.0277654 0.057191 0.35852
0 0.305201 0.748338 0.0130762 0.0466386 0.350393
0 0.244106 0.6917 0.0140588 0.0735084 0.331646
